22.000000 
                      3 11                0     1                
                           3 11                0     2                
                           3 11                0     3                
                                                  2 18            13       
                           2 12             47       
                                                 2 13             13       
                           3 11                0     4                
                            2 18            22       
                            2 19            0     
                                                 2 13             22       
                           3 11                0     5                
                            2 18            31       
                            2 19            0     
                                                 2 13             31       
                           3 11                0     6                
                            2 18            40       
                            2 19            0     
                                                 2 13             40       
                           3 11                0     7                
                            2 19            0     
                                                 2 13             47       
                                                                       3 11                0     9                
      